9765 3094 5832 1475 2018 6321 8912 4785 3567 9021
4563 2087 5142 7896 1234 5678 9021 3456 7890 6543 2198 4576 8234 9012
3456 7890 1234 5678 9876 5432 1098 7654
3210 8765 4321 1098 7654 4321 8765 5432 2109 8765 4321
9876 5432 2109 8901 5432 9876 6543 2109 8765 4321 5432 9876
1098 7654 3210
5678 4321 5678 4321 5432 5678 4321
5678 4321 5432 5678 4321 5678
4321 5432 5678 4321 5678 4321 5432 5678 4321 5678 4321 5432 5678
4321 5678 4321 5432 5678
4321 5678 4321 5432 5678 4321 5678 4321 5432
1234 5678 9012 3456 7890 1234 5678 9O12 3456 7890 1234 5678 9012 3456
7890 1234 5678 9012 3456 7890 1234 5678 9012 3456
7890 1234 5678 9012 3456 7890 1234 5678 9012
3456 7890 1234 5678 9012 3456 7890 1234 5678 9012
3456 7890 1234 5678 9012 3456 7890 1234 5678 9012 3456 7890
1234
5678 9012 3456 7890 1234 5678 9012 3456 7890 1234
5678 9012 3456 591O
7890 1234 5678 9012 3456 7890 1234 5678 9012
3456 7890 1234 5678 9012 3456 7890 1234 5678 9012 3456
7890 1234 5678 9012 3456
